10    12     9     10    8     6     4     4     7     8
10    12     9     10    8     4     5     6     6     5
6     9      9     5     4     6     4     4     7     8
3     3     10     3     3     3     3     3     3     3
3     3     10     3     3     3     3     3     3     3
3     3     10     3     3     3     3     3     3     3
10    10    10     10    10    3     3     3     3     3
3     3     3      3     10     10    3     3     3     3
3     3     3      10    10    10    10    10    3     3
3     3     3      3     3     3     3     10     10    10



asdasdasdasd - tutaj nie powinno juz czytac - 2 wersja (potrzebuje %4d)


10  12   9  10   8   6   4   4   7   8
10  11   9   8   7   4   5   6   8   7
 7   9   8   5   4   6   3   4   9  10
 3   4  10   3   3   7   4   3   8   9
 4   8  11  10   6   8   3   7  10   6
 3   7   9  11  10   4   5   8   7   3
 8  10   6   7  12   9   6  10   4   5
 4   5   3   8   9  11   7   6   3   8
 3   6   7   9  10   8  10  11   9   7
 4   5   8  10  11   9   7  10  10   9